4
BWH Plastics
4
2040.0 1239.0 2126.0 1239.0 2128.0 1312.0 2158.0 1313.0 2158.0 1376.0 2012.0 1374.0 2011.0 1325.0 2039.0 1325.0 2039.0 1325.0 
-5-537-1-5977-99-5-246-5-317-8-7-97-3-8-4-7-9-1-1 7063-80-80-7-1-4-9104049-66-53-714-6-64-30 
Gastroenterology Association
4
1253.0 278.0 1286.0 282.0 1319.0 288.0 1353.0 299.0 1369.0 309.0 1382.0 300.0 1447.0 296.0 1533.0 287.0 1532.0 226.0 1525.0 214.0 1507.0 199.0 1467.0 171.0 1413.0 143.0 1337.0 118.0 1294.0 110.0 1251.0 109.0 1251.0 238.0 1251.0 266.0 1252.0 266.0 
SHALL02304 SDEPT01204 

4
1120.0 1094.0 1169.0 1095.0 1181.0 1102.0 1264.0 1104.0 1380.0 1107.0 1381.0 1138.0 1375.0 1147.0 1377.0 1173.0 1377.0 1211.0 1318.0 1207.0 1184.0 1209.0 1121.0 1209.0 1122.0 1155.0 1122.0 1155.0 
SELEV00Z04 SHALL01004 SELEV00Y04 
Intensive Care Unit / Critical Care Unit
5
775.0 1142.0 773.0 1206.0 616.0 1211.0 617.0 1242.0 670.0 1240.0 670.0 1307.0 547.0 1310.0 548.0 1374.0 346.0 1376.0 343.0 1312.0 132.0 1311.0 130.0 1140.0 344.0 1137.0 343.0 1071.0 545.0 1069.0 549.0 1139.0 714.0 1138.0 753.0 1137.0 753.0 1137.0 
SDEPT00305 SSTAI00105 5-81-7-5-94-452-5-804-51-69-603-74-805-6-1-85 -5-3637-8810-15600-7-86-7-7-50-4-635-6-31-1-6 
Department of Surgery
4
1451.0 1073.0 1652.0 1074.0 1654.0 1209.0 1483.0 1208.0 1482.0 1161.0 1473.0 1160.0 1475.0 1138.0 1450.0 1138.0 1450.0 1138.0 
831-3-9-382-4-71-2441836-1-22-497-7-57-861 SHALL00504 

4
1364.0 500.0 1267.0 501.0 1235.0 502.0 1136.0 504.0 1135.0 479.0 1160.0 480.0 1239.0 479.0 1271.0 479.0 1350.0 480.0 1365.0 478.0 1366.0 491.0 1366.0 491.0 
SHALL02504 SHALL01504 SHALL01604 

5
1273.0 1136.0 1272.0 1148.0 1252.0 1147.0 1251.0 1186.0 1275.0 1187.0 1271.0 1196.0 1227.0 1198.0 1228.0 1208.0 1186.0 1207.0 1182.0 1176.0 1180.0 1129.0 1224.0 1133.0 1224.0 1133.0 
 
Human Resources
4
1828.0 1137.0 1899.0 1137.0 1901.0 1211.0 1830.0 1215.0 1830.0 1214.0 
8093-42-10-9-3460-6-90-69-18-90-96-5-6-1700 93409-6-18-2-60-79-1-3-42-1-48-70-4-4-8-8-1496 

3
1234.0 305.0 1272.0 305.0 1272.0 370.0 1288.0 371.0 1292.0 380.0 1293.0 457.0 1285.0 463.0 1285.0 480.0 1275.0 482.0 1221.0 482.0 1219.0 455.0 1212.0 450.0 1213.0 380.0 1223.0 367.0 1235.0 369.0 1235.0 369.0 
SHALL00903 454-7-3-6-502-6660-9-1-52-1-4-75700-3-8780-6 SHALL00803 

5
1330.0 1207.0 1328.0 1232.0 1312.0 1241.0 1176.0 1238.0 1099.0 1236.0 1028.0 1235.0 959.0 1235.0 832.0 1237.0 684.0 1240.0 641.0 1239.0 620.0 1236.0 611.0 1210.0 710.0 1208.0 775.0 1205.0 835.0 1208.0 874.0 1204.0 898.0 1207.0 950.0 1209.0 1030.0 1209.0 1121.0 1205.0 1135.0 1209.0 1217.0 1208.0 1262.0 1208.0 1262.0 1208.0 
SHALL00105 SHALL00205 SHALL00305 SHALL00405 SHALL00505 9-683-88028-4-3-6600-438-34-5-1-707027-5-3 
Roslindale Pediatric Association
3
1138.0 503.0 967.0 505.0 965.0 294.0 972.0 294.0 971.0 222.0 1004.0 195.0 1042.0 169.0 1083.0 147.0 1135.0 127.0 1184.0 116.0 1220.0 108.0 1265.0 108.0 1295.0 108.0 1309.0 113.0 1287.0 281.0 1249.0 278.0 1208.0 285.0 1179.0 293.0 1154.0 304.0 1139.0 316.0 1139.0 316.0 
-5255-7-73-3-21549-2-250-67-7973-895-1-5-77 SHALL01303 SHALL01403 SDEPT00303 SHALL01603 
Mechanical Space
3
1076.0 903.0 1120.0 903.0 1124.0 939.0 1123.0 1100.0 1131.0 1114.0 1132.0 1310.0 551.0 1311.0 128.0 1311.0 132.0 1139.0 351.0 1139.0 687.0 1140.0 965.0 1141.0 1080.0 1143.0 1080.0 1143.0 
-1751-7-51-61-1-89-18-3-14-531-6-208-6-1-59-3-7 1-25-9446-70308-7491-653-92-970-4-2-4283 -117-10-19253-3383-7-9008-37-16-5510589 -9-3-78-1-3-76-6-344850-90-3-56874-1-60-34-3-2 52-3-42-100-29-504-3973782-18-937-6-837-5 77-5-1607-9-5806-4900-6007-51-528-59-7-79 -7-7869-9-708-961-31487622-97-1-3-762-69-7 -8730-789508-637-5-586-90-3-232-8915-339 

3
1158.0 324.0 1141.0 311.0 1183.0 291.0 1227.0 282.0 1257.0 278.0 1288.0 283.0 1325.0 291.0 1351.0 302.0 1370.0 313.0 1351.0 326.0 1323.0 313.0 1296.0 307.0 1215.0 306.0 1199.0 310.0 1173.0 316.0 1173.0 316.0 
SHALL01103 SHALL01203 SHALL01303 SHALL01403 SHALL01503 

3
1368.0 481.0 1348.0 480.0 1350.0 325.0 1370.0 311.0 1368.0 334.0 1368.0 440.0 1368.0 440.0 
04738-6-6-871-67-4-695-6-10-6250-976-55-3-3 SHALL01003 SHALL01103 

3
1215.0 745.0 1224.0 760.0 1226.0 785.0 1224.0 829.0 1223.0 861.0 1210.0 868.0 1205.0 939.0 1238.0 942.0 1265.0 940.0 1266.0 875.0 1265.0 741.0 1263.0 717.0 1263.0 715.0 
SHALL00103 SHALL00303 SHALL01903 
Labs
1
1435.0 1137.0 2053.0 1139.0 2057.0 1219.0 2310.0 1218.0 2312.0 1234.0 2329.0 1231.0 2336.0 1317.0 1844.0 1314.0 1841.0 1245.0 1728.0 1245.0 1729.0 1309.0 1387.0 1312.0 1386.0 1237.0 1418.0 1235.0 1415.0 1198.0 1435.0 1193.0 1435.0 1193.0 
SHALL02501 

4
2365.0 1206.0 2229.0 1207.0 2094.0 1209.0 1980.0 1208.0 1829.0 1211.0 1761.0 1209.0 1653.0 1210.0 1580.0 1207.0 1460.0 1207.0 1360.0 1207.0 1300.0 1205.0 1182.0 1205.0 1122.0 1211.0 998.0 1210.0 988.0 1204.0 977.0 1213.0 956.0 1207.0 927.0 1208.0 736.0 1208.0 667.0 1210.0 663.0 1221.0 630.0 1218.0 488.0 1221.0 373.0 1220.0 299.0 1220.0 216.0 1217.0 175.0 1216.0 166.0 1208.0 133.0 1207.0 134.0 1306.0 142.0 1310.0 176.0 1309.0 174.0 1291.0 176.0 1242.0 344.0 1235.0 345.0 1250.0 363.0 1248.0 371.0 1236.0 417.0 1245.0 450.0 1250.0 478.0 1244.0 497.0 1242.0 524.0 1237.0 532.0 1241.0 531.0 1250.0 550.0 1250.0 552.0 1238.0 581.0 1240.0 672.0 1240.0 750.0 1240.0 875.0 1240.0 989.0 1240.0 1089.0 1238.0 1146.0 1241.0 1154.0 1236.0 1363.0 1239.0 1446.0 1239.0 1565.0 1237.0 1700.0 1239.0 1833.0 1243.0 1937.0 1243.0 1976.0 1241.0 2040.0 1239.0 2107.0 1240.0 2312.0 1241.0 2328.0 1243.0 2327.0 1313.0 2375.0 1311.0 2372.0 1208.0 2372.0 1208.0 
977-30700-3-6-4-3-5409089478-67-89-2-152 8093-42-10-9-3460-6-90-69-18-90-96-5-6-1700 -9-56-95930-5-4-60-80-70770-5-5-61-2934-792 2-49-6-1-545756-3522-9-5-600-7-83518-46-27 259-2093-2-8-200050-8-11-5-62-82-5-507-2-70 -88-4-5-7-2-4-520-875-63-30-31-4-60-66-6-964-59 -6-62-17-7-80548-759-4-6-1-3-550060-4-3-87-35 4-820-506-2-31-72-25-900819-8063-5-1110-2 -100-1-10-24-41-7-1-52-8-4009-165300-40-320 -3049006-88-46045-1-8108-421-59-15-50-48 SHALL00104 SHALL00204 SHALL00304 SHALL00404 SHALL00504 -3-849-5-2866-7-5-68-32-1-308-78-20-3032-38-3 SHALL00604 SHALL00704 4-9959-9-8-5-57-1887-800-50-30-9-86-1422-9-5 -1-3-210-6-4-3-6812-8387-7757-4-2-9-86-535-20 -81-4-1-39-87298-7661-352200-2-579350-4-5 SHALL00804 SHALL00904 0-9-3-8-548562-25-85-7-4-328-2-746879-2-13-8 SSTAI00104 -5-537-1-5977-99-5-246-5-317-8-7-97-3-8-4-7-9-1-1 SSTAI00204 0-7-84-6-814-8-414-51-20-26-5-70-1-11-53-8-900 

4
1293.0 417.0 1293.0 432.0 1303.0 440.0 1347.0 438.0 1347.0 342.0 1305.0 344.0 1305.0 417.0 1305.0 417.0 
SSTAI00504 
Recovery
1
1850.0 767.0 2299.0 764.0 2302.0 984.0 2259.0 986.0 2250.0 977.0 2228.0 978.0 2225.0 901.0 2049.0 898.0 2046.0 867.0 1835.0 871.0 1834.0 809.0 1851.0 808.0 1851.0 808.0 


2
1423.0 972.0 1453.0 972.0 1456.0 981.0 1456.0 1043.0 1454.0 1213.0 1389.0 1210.0 1381.0 1200.0 1381.0 1100.0 1425.0 1100.0 1425.0 1100.0 
-816-2-782319-222-70007-461-10-9-20-6-7-9-9 SHALL01802 SREST00102 

1
997.0 824.0 970.0 825.0 972.0 553.0 997.0 562.0 1000.0 659.0 999.0 698.0 997.0 745.0 997.0 745.0 
 
X-Ray Waiting
5
1267.0 1043.0 1378.0 1042.0 1380.0 1106.0 1296.0 1105.0 1285.0 1109.0 1265.0 1106.0 1265.0 1106.0 
SHALL00805 SDEPT00405 

1
1323.0 1102.0 1311.0 1098.0 1239.0 1098.0 1238.0 1135.0 1180.0 1137.0 1183.0 1203.0 1249.0 1205.0 1264.0 1207.0 1323.0 1203.0 1323.0 1203.0 
SHALL02501 SELEV00Y01 
Lockers
4
1956.0 1137.0 1981.0 1141.0 1979.0 1209.0 2061.0 1207.0 2056.0 1073.0 1954.0 1070.0 1952.0 1125.0 1952.0 1125.0 
0864-67-9-30-3513-48-8-3-11-14-9-19785-41-6 2-49-6-1-545756-3522-9-5-600-7-83518-46-27 

2
1170.0 335.0 1170.0 268.0 1178.0 263.0 1205.0 261.0 1245.0 258.0 1269.0 260.0 1315.0 263.0 1419.0 272.0 1419.0 287.0 1414.0 302.0 1437.0 298.0 1434.0 328.0 1445.0 327.0 1444.0 348.0 1402.0 347.0 1398.0 340.0 1378.0 336.0 1339.0 338.0 1339.0 308.0 1275.0 308.0 1279.0 338.0 1208.0 339.0 1178.0 339.0 1178.0 339.0 
SDEPT00402 SHALL00802 SHALL00902 SDEPT00302 

1
1268.0 854.0 1267.0 970.0 1269.0 993.0 1270.0 1036.0 1269.0 1102.0 1222.0 1098.0 1173.0 1096.0 1170.0 1088.0 1169.0 1037.0 1233.0 1038.0 1234.0 853.0 1234.0 853.0 
SSTAI00201 SHALL02201 SHALL02401 1-3-99-151-8-5-70-2676016053-1-480-6-9-11-4 SHALL02301 
Ambulatory Care
5
1263.0 670.0 1340.0 670.0 1446.0 671.0 1448.0 901.0 1341.0 902.0 1262.0 903.0 1261.0 759.0 1260.0 685.0 1260.0 685.0 
SHALL01305 

4
1234.0 305.0 1272.0 305.0 1271.0 346.0 1279.0 347.0 1280.0 364.0 1270.0 365.0 1272.0 372.0 1285.0 370.0 1292.0 380.0 1293.0 420.0 1291.0 453.0 1285.0 466.0 1265.0 464.0 1266.0 479.0 1242.0 479.0 1240.0 462.0 1229.0 466.0 1220.0 463.0 1214.0 452.0 1213.0 379.0 1222.0 368.0 1230.0 359.0 1228.0 347.0 1236.0 347.0 1236.0 347.0 
SHALL02404 -3-5-94-44-73-911-53-4040-36377524-3-54-39 
Radiology
1
1516.0 469.0 2045.0 471.0 2048.0 738.0 1415.0 742.0 1414.0 545.0 1536.0 548.0 1532.0 516.0 1516.0 515.0 1516.0 515.0 
SDEPT00901 

1
880.0 505.0 850.0 504.0 851.0 368.0 883.0 367.0 884.0 440.0 883.0 471.0 883.0 471.0 
SHALL01101 SHALL01201 

1
1384.0 542.0 1413.0 545.0 1413.0 659.0 1414.0 745.0 1417.0 776.0 1415.0 824.0 1388.0 823.0 1389.0 662.0 1386.0 561.0 1386.0 561.0 
0-5707-5-5333-9-1-13-5-7-462-6-5-281-8-41715 0-5-78-40420-836065501403-3-2-8-60-1-4-71 -4-9-5-5-1-2-6-484-45-8-14-9-9741310-5052-591 

2
1229.0 338.0 1276.0 336.0 1275.0 347.0 1285.0 347.0 1283.0 365.0 1273.0 369.0 1231.0 366.0 1224.0 360.0 1224.0 347.0 1224.0 347.0 
-5702-938-45-5-2-8-1-9-617885-5034-6-31-3-48 

4
1268.0 515.0 1297.0 515.0 1298.0 615.0 1264.0 611.0 1264.0 611.0 
1874-50-3-3-93-795-1-7-72-3-35-1-57-65-4314-3 
Food Services
2
1088.0 498.0 1341.0 497.0 1344.0 529.0 1421.0 529.0 1424.0 742.0 1083.0 745.0 1083.0 745.0 
SRETL00202 SHALL01102 
QUALIMP
4
1654.0 1138.0 1724.0 1140.0 1728.0 1209.0 1655.0 1213.0 1655.0 1213.0 
9-51-277-689-93-3-2-1164-60-23-18-16-5-4746 -6-62-17-7-80548-759-4-6-1-3-550060-4-3-87-35 
Foot & Ankle
4
2059.0 1076.0 2157.0 1073.0 2157.0 1208.0 2097.0 1208.0 2096.0 1180.0 2061.0 1180.0 2061.0 1180.0 
SDEPT00104 

2
1239.0 496.0 1240.0 462.0 1268.0 464.0 1267.0 483.0 1340.0 480.0 1340.0 470.0 1348.0 468.0 1364.0 467.0 1363.0 496.0 1363.0 496.0 
SHALL01102 SHALL01202 
Residents
5
873.0 1205.0 872.0 1148.0 843.0 1147.0 846.0 1069.0 1052.0 1070.0 1052.0 1136.0 1120.0 1140.0 1123.0 1207.0 1009.0 1211.0 882.0 1208.0 882.0 1208.0 
SHALL00305 

1
1388.0 824.0 1414.0 823.0 1414.0 854.0 1333.0 855.0 1285.0 854.0 1228.0 852.0 1073.0 852.0 953.0 851.0 951.0 863.0 925.0 865.0 919.0 853.0 905.0 852.0 905.0 826.0 1003.0 824.0 1098.0 824.0 1201.0 822.0 1239.0 824.0 1270.0 825.0 1337.0 822.0 1337.0 822.0 
SHALL02101 16-9524-205-2-9-76-8-98-4776097-6-5-30-4-1-8 7243-4-4566-7101-7-6-66096-1135-2-447-5-5 -584363-3-4-8-704-920-2049380-20-4074-67 SHALL01701 SHALL01801 
Linen
1
1345.0 913.0 1382.0 912.0 1382.0 992.0 1369.0 991.0 1364.0 999.0 1280.0 1003.0 1270.0 989.0 1270.0 972.0 1328.0 970.0 1329.0 941.0 1342.0 932.0 1343.0 912.0 
79-28350-3-8012-4-3708-4921-9-7-1-5-68-3-3-7 0-68-4-1-8-81-6-201410-8-6-190010-9-273-137 

3
1132.0 1208.0 1325.0 1210.0 1325.0 1314.0 1371.0 1305.0 1373.0 1331.0 1316.0 1329.0 1317.0 1371.0 1273.0 1372.0 1275.0 1407.0 1332.0 1404.0 1333.0 1471.0 1173.0 1466.0 1173.0 1401.0 1230.0 1401.0 1229.0 1372.0 1131.0 1375.0 1131.0 1308.0 1244.0 1308.0 1244.0 1250.0 1237.0 1240.0 1199.0 1240.0 1133.0 1240.0 1133.0 1240.0 
6-26-91-6-3-704-834942-77000-5-84-5-5-9-79-7 2459-4-80-6-6507-943-74-1-76-17-2523-87-86 SSERV00203 162-11-6-5502-1-97-6-7-355070-38-41-5263-4 SINFO00303 SINFO00203 89083-5-1-575-7-6-50-4-3-4-65-50-994-786-62-6 SINFO00103 
MRC / CT
1
1374.0 298.0 1528.0 295.0 1527.0 381.0 1449.0 379.0 1447.0 514.0 1350.0 513.0 1346.0 388.0 1380.0 388.0 1380.0 349.0 1370.0 352.0 1369.0 306.0 1369.0 306.0 
SSTAI00101 SHALL02001 28308108-2-6-4-11-8-301-8-700-932-182501 SDEPT00801 4-7-1-6-33-294-187-4-70-8-61-103-1-914-17-48-2 48-77-4-10-6-164764-923-216-9-33-8746-67-1 

1
1236.0 538.0 1267.0 543.0 1265.0 824.0 1242.0 823.0 1240.0 733.0 1239.0 594.0 1237.0 558.0 1237.0 558.0 
000-2-9-9-4-32-3-17967-9448-211-990-7306-2 SHALL00401 SHALL01601 -5-39-4-88-4-4508-2570-6-70-2-1-219-79-1-1-518 
Admitting
1
975.0 295.0 1130.0 300.0 1132.0 367.0 1155.0 366.0 1159.0 460.0 1075.0 454.0 1075.0 507.0 974.0 508.0 973.0 508.0 
SDEPT00101 
BWN Neurology
4
1264.0 627.0 1448.0 627.0 1448.0 757.0 1399.0 758.0 1399.0 771.0 1264.0 772.0 1264.0 772.0 
-23-94-6-63-4028-31-5-975-6301-2908-5-6-1-4-3 76-6-605-58-772-203-616-5-4-612-5-2307-2-10 
Orthopaedic Association
5
1192.0 114.0 1197.0 139.0 1215.0 252.0 1220.0 280.0 1270.0 279.0 1318.0 289.0 1323.0 281.0 1343.0 224.0 1365.0 157.0 1373.0 131.0 1328.0 117.0 1295.0 111.0 1255.0 109.0 1225.0 110.0 1225.0 110.0 
SDEPT01005 
Volunteer / Community
3
1374.0 1314.0 1480.0 1312.0 1482.0 1376.0 1373.0 1375.0 1373.0 1375.0 
SSERV00303x 
Division of Gynecology
3
1368.0 335.0 1539.0 335.0 1540.0 442.0 1369.0 437.0 1369.0 437.0 
04738-6-6-871-67-4-695-6-10-6250-976-55-3-3 

5
1157.0 324.0 1201.0 306.0 1235.0 306.0 1296.0 304.0 1329.0 313.0 1348.0 324.0 1368.0 309.0 1334.0 293.0 1291.0 282.0 1257.0 277.0 1217.0 278.0 1159.0 300.0 1131.0 312.0 1131.0 312.0 
SDEPT00905 SHALL02005 SDEPT01105 

5
1133.0 311.0 1156.0 324.0 1159.0 348.0 1159.0 469.0 1158.0 482.0 1142.0 498.0 1136.0 489.0 1137.0 428.0 1137.0 428.0 
 
X-Ray
5
1118.0 908.0 1200.0 909.0 1234.0 909.0 1235.0 971.0 1234.0 1036.0 1173.0 1038.0 1171.0 1005.0 1118.0 1006.0 1118.0 1006.0 
SDEPT00505 

4
1267.0 928.0 1235.0 944.0 1153.0 946.0 1154.0 999.0 1172.0 1001.0 1172.0 1093.0 1181.0 1103.0 1267.0 1105.0 1269.0 1034.0 1287.0 1030.0 1299.0 1027.0 1301.0 998.0 1269.0 999.0 1267.0 965.0 1299.0 965.0 1297.0 932.0 1297.0 932.0 
SDEPT00704 SHALL01104 SSTAI00404 SHALL01204 

1
1266.0 510.0 1241.0 508.0 1241.0 476.0 1232.0 476.0 1229.0 467.0 1220.0 455.0 1211.0 454.0 1211.0 381.0 1223.0 364.0 1234.0 362.0 1231.0 336.0 1216.0 338.0 1218.0 317.0 1212.0 283.0 1308.0 282.0 1311.0 291.0 1340.0 292.0 1340.0 316.0 1325.0 317.0 1324.0 342.0 1283.0 343.0 1285.0 364.0 1292.0 377.0 1292.0 453.0 1284.0 466.0 1275.0 471.0 1268.0 479.0 1266.0 500.0 1266.0 500.0 
SHALL00101 SHALL00201 SHALL00301 

2
1638.0 1213.0 1638.0 1235.0 1521.0 1234.0 1517.0 1247.0 1503.0 1247.0 1494.0 1235.0 1256.0 1237.0 1255.0 1209.0 1389.0 1208.0 1454.0 1210.0 1454.0 1210.0 
 
VP Clinical Service
4
1939.0 1244.0 1976.0 1242.0 1978.0 1327.0 2008.0 1325.0 2009.0 1376.0 1954.0 1376.0 1953.0 1306.0 1939.0 1306.0 1939.0 1306.0 
0-6-337-24-4-9-390-2805-5-82-80364-2-750-5-6 -3-849-5-2866-7-5-68-32-1-308-78-20-3032-38-3 

5
1276.0 1106.0 1276.0 1134.0 1223.0 1134.0 1183.0 1131.0 1184.0 1101.0 1218.0 1101.0 1261.0 1101.0 1261.0 1101.0 
 

1
1531.0 517.0 1536.0 546.0 1414.0 545.0 1376.0 541.0 1271.0 543.0 1232.0 537.0 1140.0 538.0 1057.0 538.0 1019.0 538.0 996.0 562.0 973.0 552.0 959.0 535.0 854.0 537.0 853.0 505.0 975.0 507.0 1070.0 507.0 1151.0 509.0 1255.0 510.0 1356.0 512.0 1449.0 512.0 1514.0 515.0 1514.0 515.0 
SHALL02001 SHALL01001 SHALL01301 SHALL00401 SHALL00501 SHALL00601 SHALL00701 SHALL01901 SHALL00801 SHALL00901 
Morgue
2
639.0 766.0 736.0 769.0 735.0 937.0 638.0 938.0 638.0 938.0 
SLABS00202 
Endoscopy Lab
1
955.0 853.0 1234.0 854.0 1233.0 1038.0 1170.0 1038.0 1170.0 1099.0 1179.0 1101.0 1181.0 1139.0 1131.0 1140.0 1124.0 1064.0 872.0 1071.0 874.0 905.0 920.0 901.0 922.0 867.0 952.0 864.0 952.0 864.0 
SDEPT00701 SSTAI00201 SHALL02301 
Internal Medicine / Headache
5
1239.0 658.0 1049.0 660.0 1049.0 583.0 1076.0 580.0 1147.0 580.0 1216.0 579.0 1239.0 579.0 1239.0 579.0 
SDEPT00705 
House Keeping
4
1269.0 966.0 1379.0 966.0 1379.0 1000.0 1269.0 1000.0 1269.0 1000.0 
SHALL01204 53-1-51-5-47030-19-7-9400-59-1-51-376-4-69-7 
Plastic Surgery
2
1417.0 286.0 1540.0 288.0 1540.0 503.0 1359.0 502.0 1362.0 405.0 1381.0 405.0 1381.0 371.0 1363.0 369.0 1364.0 335.0 1399.0 336.0 1401.0 344.0 1445.0 346.0 1443.0 328.0 1432.0 326.0 1432.0 300.0 1415.0 301.0 1415.0 301.0 
SHALL01202 SHALL00502 SREST00202 SDEPT00302 
Finance
4
1902.0 1136.0 1955.0 1137.0 1959.0 1209.0 1902.0 1210.0 1902.0 1210.0 
-9-218400-559-4344-7-1-637-43-1-99-2-708-1-1 -3-849-5-2866-7-5-68-32-1-308-78-20-3032-38-3 

4
2227.0 1137.0 2327.0 1137.0 2329.0 1209.0 2227.0 1208.0 2227.0 1208.0 
76-4087-236-40-3639-2-8-6-4-7-8-6-68-5-9-2-7-41 -100-1-10-24-41-7-1-52-8-4009-165300-40-320 

3
1238.0 943.0 1265.0 941.0 1264.0 986.0 1264.0 1037.0 1262.0 1105.0 1176.0 1099.0 1173.0 1040.0 1238.0 1037.0 1238.0 1037.0 
-4332-7-56-67-9-260-77-7-85-74-3-62-2-65-37-1-7 SHALL00103 SSTAI00103 SHALL01803 
Outpatient Infusion Center
5
845.0 1310.0 823.0 1308.0 822.0 1238.0 964.0 1234.0 1054.0 1235.0 1118.0 1236.0 1122.0 1311.0 1051.0 1313.0 1051.0 1377.0 848.0 1377.0 848.0 1377.0 
SDEPT00205 
Occupational Therapy
2
1508.0 973.0 1651.0 973.0 1654.0 1137.0 1518.0 1137.0 1513.0 1119.0 1455.0 1119.0 1455.0 1044.0 1572.0 1041.0 1569.0 1003.0 1509.0 1006.0 1509.0 1006.0 
7-18-9-5-74-13-6-54-464-94802-97-3-96-258-47 SDEPT00702 864651-4030-8-11-90107-4-37-7-82-976150 -928137-47-718-8-47-2-5-951-51-9-9-9-99072-6 
Tynan Conference Central
4
347.0 1250.0 365.0 1250.0 372.0 1235.0 390.0 1239.0 416.0 1245.0 448.0 1244.0 478.0 1245.0 504.0 1241.0 522.0 1237.0 532.0 1238.0 533.0 1249.0 550.0 1250.0 553.0 1316.0 553.0 1378.0 347.0 1375.0 349.0 1306.0 346.0 1282.0 346.0 1282.0 
SCONF00304 
Special Testing
1
999.0 744.0 1090.0 738.0 1096.0 700.0 1141.0 700.0 1140.0 746.0 1236.0 745.0 1239.0 824.0 998.0 825.0 998.0 825.0 
SLABS00201 

5
1264.0 1046.0 1264.0 1101.0 1247.0 1104.0 1118.0 1106.0 1117.0 1004.0 1171.0 1004.0 1173.0 1037.0 1235.0 1035.0 1235.0 1035.0 
SHALL01105 SSTAI00205 
Pulmanary Services
4
1400.0 760.0 1451.0 759.0 1451.0 869.0 1265.0 870.0 1264.0 773.0 1399.0 772.0 1399.0 771.0 
SDEPT00804 SDEPT00904 3-5-7-32-950-6-5-6-9499936-7-67480-215-10-1 
Department Medical Offices
4
957.0 1209.0 960.0 1071.0 848.0 1072.0 846.0 1137.0 735.0 1137.0 735.0 1210.0 851.0 1210.0 939.0 1211.0 939.0 1211.0 
SHALL00304 
OB / GYN Association
3
1358.0 304.0 1370.0 313.0 1370.0 334.0 1540.0 331.0 1543.0 291.0 1533.0 287.0 1534.0 223.0 1516.0 208.0 1494.0 189.0 1465.0 171.0 1432.0 151.0 1432.0 151.0 
SHALL01103 SDEPT00103 
Biomedical Engineering
2
767.0 1059.0 869.0 1059.0 872.0 1213.0 764.0 1214.0 764.0 1214.0 
SDEPT00602 

1
1305.0 345.0 1344.0 347.0 1346.0 357.0 1346.0 442.0 1301.0 442.0 1292.0 434.0 1291.0 416.0 1306.0 417.0 1304.0 404.0 1304.0 404.0 
SSTAI00101 
Audiology
1
999.0 663.0 1066.0 666.0 1068.0 701.0 1092.0 701.0 1089.0 738.0 1052.0 737.0 1048.0 692.0 1000.0 698.0 1000.0 698.0 
SDEPT00401 

5
1276.0 1206.0 1319.0 1205.0 1325.0 1193.0 1322.0 1104.0 1289.0 1105.0 1277.0 1104.0 1277.0 1104.0 
 

5
1262.0 547.0 1264.0 498.0 1237.0 497.0 1241.0 581.0 1241.0 661.0 1242.0 810.0 1242.0 891.0 1227.0 906.0 1235.0 916.0 1234.0 1035.0 1267.0 1046.0 1263.0 899.0 1262.0 752.0 1261.0 667.0 1263.0 582.0 1263.0 582.0 
SHALL01205 SHALL01305 SHALL01405 SHALL01505 
MEDREC
4
178.0 1240.0 264.0 1239.0 279.0 1237.0 346.0 1236.0 345.0 1284.0 347.0 1308.0 316.0 1309.0 215.0 1308.0 180.0 1306.0 177.0 1290.0 177.0 1290.0 
SDEPT00304 

5
1233.0 305.0 1273.0 304.0 1272.0 368.0 1285.0 370.0 1293.0 380.0 1293.0 452.0 1285.0 466.0 1266.0 465.0 1268.0 480.0 1236.0 478.0 1235.0 464.0 1222.0 466.0 1211.0 449.0 1210.0 381.0 1223.0 369.0 1236.0 368.0 1236.0 330.0 1236.0 330.0 
SHALL01905 SHALL02005 SHALL01605 
Gynocology & Oncology
3
1310.0 115.0 1341.0 118.0 1380.0 132.0 1410.0 141.0 1430.0 151.0 1355.0 304.0 1324.0 294.0 1287.0 283.0 1287.0 283.0 
SHALL01203 SDEPT00203 

1
972.0 507.0 930.0 507.0 926.0 466.0 884.0 468.0 884.0 375.0 947.0 375.0 956.0 367.0 970.0 367.0 975.0 375.0 974.0 387.0 974.0 400.0 973.0 481.0 973.0 481.0 
SDEPT00201 
Urology
4
667.0 1218.0 671.0 1137.0 550.0 1137.0 548.0 1071.0 348.0 1070.0 347.0 1138.0 132.0 1137.0 133.0 1206.0 174.0 1210.0 176.0 1217.0 186.0 1219.0 367.0 1221.0 529.0 1220.0 648.0 1219.0 647.0 1218.0 
SDEPT00604 SHALL00404 SSTAI00104 
ENT / Eye Phys. / Derm
5
966.0 298.0 1125.0 302.0 1132.0 312.0 1154.0 305.0 1192.0 289.0 1218.0 281.0 1217.0 268.0 1208.0 217.0 1196.0 141.0 1188.0 114.0 1149.0 120.0 1102.0 138.0 1050.0 163.0 998.0 196.0 965.0 225.0 965.0 225.0 
SDEPT00905 
HVMA Neurology
4
1369.0 313.0 1382.0 301.0 1534.0 289.0 1536.0 401.0 1369.0 399.0 1369.0 399.0 
SDEPT01104 
Vascular Lab
1
1270.0 912.0 1342.0 912.0 1341.0 934.0 1330.0 943.0 1329.0 970.0 1269.0 972.0 1269.0 972.0 
SLABS00401 

2
1285.0 369.0 1222.0 368.0 1218.0 380.0 1209.0 383.0 1207.0 398.0 1216.0 400.0 1213.0 440.0 1208.0 453.0 1220.0 456.0 1226.0 465.0 1285.0 464.0 1287.0 454.0 1292.0 447.0 1291.0 430.0 1292.0 379.0 1292.0 380.0 
SHALL01002 

3
1182.0 1100.0 1241.0 1101.0 1277.0 1106.0 1325.0 1101.0 1326.0 1212.0 1182.0 1210.0 1182.0 1210.0 
SHALL01703 

1
1432.0 282.0 1354.0 286.0 1305.0 284.0 1192.0 284.0 1073.0 284.0 1071.0 296.0 986.0 294.0 988.0 279.0 1014.0 251.0 1048.0 223.0 1090.0 197.0 1155.0 169.0 1215.0 159.0 1274.0 158.0 1334.0 166.0 1385.0 181.0 1447.0 217.0 1470.0 231.0 1505.0 266.0 1518.0 280.0 1516.0 296.0 1435.0 298.0 1433.0 297.0 
SEXIT00101 SHALL00101 SRETL00201 SRETL00101 9-8494-7-641-36312-9-8016-89-7-4-35-2-3-945 -2360574-66-1-246-2-30-5-781791-11-7100-8 SINFO00101 
PATSAFE
4
1378.0 1139.0 1474.0 1140.0 1472.0 1164.0 1481.0 1165.0 1482.0 1207.0 1460.0 1209.0 1455.0 1174.0 1377.0 1174.0 1375.0 1150.0 1375.0 1150.0 
-88-4-5-7-2-4-520-875-63-30-31-4-60-66-6-964-59 502-4613982-1-985-6-27-4-20-7-1-1-740-83-6-5 
Organic Material Management
1
1310.0 1004.0 1344.0 1006.0 1342.0 1042.0 1380.0 1042.0 1382.0 1100.0 1347.0 1102.0 1345.0 1072.0 1301.0 1074.0 1297.0 1101.0 1268.0 1104.0 1268.0 1039.0 1308.0 1039.0 1308.0 1039.0 
SSERV00201 5-21-1-4-5-7-5606-6-8-5-9-5075-8189865-6884 -3-1080-450-16-303-65-9-7-7-3-7554-9504360 

4
1158.0 479.0 1136.0 478.0 1133.0 371.0 1135.0 312.0 1157.0 323.0 1158.0 344.0 1159.0 412.0 1159.0 412.0 
SHALL02104 SHALL02204 1-9-74270-1-60-38656-450-609-55-8130-3-6-7 

2
669.0 1212.0 733.0 1210.0 734.0 933.0 766.0 935.0 768.0 946.0 764.0 1247.0 668.0 1245.0 668.0 1245.0 
-6-491-5-2-2-5-91-20-81-6-4-95987-9255247-68 SHALL01302 SHALL01502 SLABS00102 -3-64-40-441222535-8-94170-5-651-7-26802 

3
1292.0 414.0 1304.0 412.0 1305.0 343.0 1347.0 344.0 1348.0 436.0 1339.0 440.0 1301.0 441.0 1291.0 435.0 1291.0 435.0 
SSTAI00203 

2
1340.0 336.0 1276.0 336.0 1273.0 320.0 1324.0 320.0 1323.0 306.0 1341.0 307.0 1341.0 307.0 
 
Medical Staff Lounge
3
1538.0 444.0 1370.0 438.0 1369.0 504.0 1415.0 503.0 1420.0 508.0 1543.0 508.0 1540.0 451.0 1540.0 451.0 
SHALL01003 
BWH Surgical Specialties
5
1321.0 289.0 1374.0 133.0 1414.0 148.0 1439.0 158.0 1487.0 186.0 1516.0 211.0 1531.0 227.0 1528.0 294.0 1536.0 295.0 1536.0 508.0 1446.0 507.0 1368.0 500.0 1370.0 442.0 1369.0 349.0 1368.0 310.0 1345.0 300.0 1331.0 293.0 1331.0 293.0 
SDEPT01105 SHALL01705 

4
1365.0 479.0 1349.0 479.0 1348.0 323.0 1370.0 309.0 1369.0 397.0 1366.0 454.0 1366.0 454.0 
SHALL01704 SHALL01804 

2
1186.0 1209.0 1191.0 1247.0 1119.0 1251.0 1104.0 1241.0 763.0 1245.0 764.0 1213.0 870.0 1211.0 989.0 1210.0 1097.0 1208.0 1097.0 1208.0 
00-5-8-5-9-65-7-1-70-6613-156-3-78-77-5-6-7-233 -8-90-65-2-4-3-8-400-5-78-93753-2-197-9-235-61 -9-9-20-93-102-21-20-70-15-12802-9-7-21-9-5-81 -5-1-48873-57-914-800114182-61-7-725-1-34 
Emergency Department
1
598.0 504.0 853.0 503.0 854.0 542.0 956.0 542.0 972.0 555.0 971.0 828.0 904.0 826.0 906.0 855.0 920.0 857.0 920.0 900.0 872.0 903.0 871.0 998.0 598.0 1001.0 598.0 1001.0 
SHALL01101 SHALL01801 SDEPT00301 
Huvos Auditorium
3
1206.0 937.0 1126.0 938.0 1123.0 902.0 1051.0 899.0 1050.0 758.0 1080.0 754.0 1083.0 728.0 1126.0 728.0 1180.0 729.0 1195.0 731.0 1210.0 739.0 1219.0 752.0 1225.0 762.0 1226.0 775.0 1225.0 862.0 1211.0 868.0 1208.0 926.0 1208.0 926.0 
SCONF00103 SEXIT00503 SRETL00103 
SURGSPEC
4
1726.0 1138.0 1765.0 1136.0 1766.0 1209.0 1729.0 1208.0 1729.0 1208.0 
SHALL00904 90-1-45-49-213401-8-86-41904402-35-709-7 

5
1346.0 322.0 1368.0 307.0 1370.0 423.0 1369.0 497.0 1349.0 483.0 1349.0 432.0 1348.0 346.0 1348.0 343.0 
 
Nurse Work Space
4
1299.0 961.0 1297.0 932.0 1269.0 929.0 1269.0 903.0 1383.0 904.0 1380.0 964.0 1308.0 964.0 1308.0 964.0 
9-7-38-1-9-2-279-476-670020-863-800-595-65 

4
1236.0 503.0 1269.0 501.0 1263.0 628.0 1264.0 749.0 1264.0 867.0 1267.0 903.0 1268.0 927.0 1236.0 943.0 1239.0 925.0 1239.0 684.0 1239.0 684.0 
1874-50-3-3-93-795-1-7-72-3-35-1-57-65-4314-3 -942-6-52-24-4-5-5510-1-9-11-68-2-8-5-4-8390-3-7 SHALL01304 SHALL01404 SHALL01504 76-6-605-58-772-203-616-5-4-612-5-2307-2-10 
Pre-Admittance Screening
1
1270.0 545.0 1384.0 543.0 1387.0 821.0 1266.0 825.0 1267.0 546.0 1266.0 544.0 
 
Administrative Executive
4
1149.0 1237.0 1225.0 1236.0 1317.0 1238.0 1364.0 1239.0 1367.0 1311.0 1354.0 1310.0 1354.0 1375.0 1150.0 1376.0 1150.0 1376.0 
SHALL00104 
Pharmacy
2
764.0 665.0 1053.0 665.0 1054.0 819.0 916.0 817.0 917.0 867.0 763.0 868.0 763.0 868.0 
SRETL00102 
Oncology Clinic
5
1449.0 1372.0 1445.0 1313.0 1346.0 1310.0 1316.0 1305.0 1314.0 1237.0 1327.0 1235.0 1331.0 1206.0 1376.0 1206.0 1376.0 1140.0 1409.0 1137.0 1447.0 1137.0 1449.0 1072.0 1651.0 1070.0 1653.0 1135.0 1951.0 1135.0 1953.0 1071.0 2156.0 1071.0 2156.0 1136.0 2325.0 1140.0 2326.0 1198.0 2372.0 1198.0 2373.0 1311.0 2157.0 1315.0 2158.0 1377.0 1951.0 1377.0 1950.0 1312.0 1777.0 1315.0 1776.0 1377.0 1461.0 1376.0 1461.0 1376.0 
-1-82-3-8-7-20-8-3-29658-610-1-1-6-20-6-1923-74 -5-7-8-9-180709-13-6868-2-703-30107-410-53 43-55364-6-9-1-780-705-64179991-1-3-5304 -9-8-7-5847-6-920-10-2-538105-2-263-5-1656-1 83-9726-82-339-2159-96-60-5-4185-838-4-21 SDEPT00105 725-342-300-5-75-84-6030068-75-27-5-9-934 19-905-85074-69-83-4-7-2150600-35-5-303-5 
Finance
4
2129.0 1239.0 2213.0 1240.0 2215.0 1285.0 2226.0 1284.0 2227.0 1313.0 2130.0 1310.0 2130.0 1310.0 
-7-8-9-447-222-2420-30-5-40-8-606-951854-9-6 -1-3-210-6-4-3-6812-8387-7757-4-2-9-86-535-20 
Outdoor Dining Terrace
3
1455.0 714.0 1456.0 899.0 1655.0 901.0 1654.0 688.0 1481.0 688.0 1478.0 713.0 1478.0 713.0 
-40-998-9-79-1-50-88-1-3-31-9-8-12-83-3-9-99-78-9 SRETL00103x 

5
1369.0 501.0 1345.0 478.0 1265.0 482.0 1161.0 480.0 1143.0 497.0 1264.0 499.0 1308.0 500.0 1308.0 500.0 
SHALL01805 SDEPT00805 SHALL01505 SHALL01605 SHALL01705 
B-D Cardiology
4
1052.0 506.0 1139.0 503.0 1238.0 502.0 1240.0 743.0 1053.0 747.0 1052.0 747.0 
99-79-5-88-3-615-501033-496737-1-7-8-9353 1874-50-3-3-93-795-1-7-72-3-35-1-57-65-4314-3 
HVMA Internal Medicine
4
1250.0 276.0 1225.0 280.0 1197.0 285.0 1154.0 302.0 1135.0 315.0 1134.0 392.0 966.0 392.0 968.0 224.0 1006.0 193.0 1053.0 164.0 1104.0 138.0 1154.0 121.0 1199.0 110.0 1250.0 110.0 1250.0 181.0 1250.0 261.0 1250.0 261.0 
SHALL02204 SDEPT01304 
Compliance / Patient Relations
4
1979.0 1239.0 2037.0 1238.0 2037.0 1321.0 1980.0 1325.0 1980.0 1325.0 
20241-2249-2-4-5-583081-8581-5-5-480-400 2-49-6-1-545756-3522-9-5-600-7-83518-46-27 

3
1166.0 505.0 1196.0 502.0 1218.0 503.0 1217.0 572.0 1223.0 583.0 1217.0 596.0 1218.0 607.0 1216.0 654.0 1193.0 679.0 1192.0 584.0 1191.0 520.0 1168.0 519.0 1168.0 519.0 
SHALL00603 SHALL00703 

3
1367.0 502.0 1218.0 504.0 1181.0 503.0 1159.0 505.0 1136.0 507.0 1140.0 482.0 1170.0 481.0 1221.0 483.0 1287.0 483.0 1347.0 481.0 1369.0 481.0 1369.0 481.0 
SHALL01003 SHALL01603 SHALL00703 SHALL00803 
Spine FAC
4
2159.0 1137.0 2159.0 1206.0 2226.0 1208.0 2224.0 1139.0 2224.0 1139.0 
SDEPT00104 -1-3-210-6-4-3-6812-8387-7757-4-2-9-86-535-20 4-9959-9-8-5-57-1887-800-50-30-9-86-1422-9-5 

2
1341.0 497.0 1364.0 496.0 1373.0 502.0 1452.0 504.0 1452.0 528.0 1415.0 527.0 1343.0 529.0 1343.0 529.0 
SHALL00502 SHALL00602 
Blood Draving Lab
1
999.0 561.0 1020.0 539.0 1087.0 538.0 1082.0 608.0 1093.0 608.0 1092.0 656.0 1081.0 661.0 1065.0 662.0 998.0 661.0 998.0 659.0 
SLABS00101 SDEPT00401 

1
1139.0 537.0 1091.0 537.0 1092.0 590.0 1083.0 603.0 1104.0 608.0 1104.0 629.0 1138.0 632.0 1138.0 632.0 
 
Cardiac Rehab
1
1140.0 539.0 1237.0 538.0 1238.0 744.0 1144.0 744.0 1144.0 700.0 1162.0 696.0 1159.0 666.0 1140.0 669.0 1140.0 669.0 
SDEPT00501 

2
767.0 934.0 735.0 933.0 736.0 766.0 734.0 755.0 734.0 661.0 762.0 661.0 762.0 661.0 
SLABS00302 -48-54263056980831-2-90-6-3-19-3-132-671 SHALL01602 SHALL01702 

2
1348.0 465.0 1361.0 467.0 1363.0 402.0 1381.0 405.0 1383.0 370.0 1362.0 367.0 1362.0 336.0 1349.0 337.0 1349.0 336.0 
SHALL00702 

5
1314.0 1240.0 1313.0 1308.0 1347.0 1312.0 1347.0 1376.0 1270.0 1376.0 1145.0 1376.0 1144.0 1309.0 1175.0 1306.0 1178.0 1238.0 1264.0 1238.0 1290.0 1238.0 1290.0 1238.0 
SHALL00105 

3
1081.0 624.0 1103.0 623.0 1105.0 680.0 1082.0 729.0 1081.0 675.0 1081.0 675.0 
 

2
1183.0 1137.0 1256.0 1136.0 1257.0 1236.0 1214.0 1237.0 1212.0 1261.0 1194.0 1261.0 1187.0 1214.0 1188.0 1202.0 1181.0 1192.0 1183.0 1177.0 1182.0 1159.0 1182.0 1159.0 
 
Cafeteria
3
1220.0 505.0 1413.0 501.0 1421.0 511.0 1418.0 689.0 1449.0 749.0 1448.0 907.0 1379.0 906.0 1381.0 1100.0 1264.0 1103.0 1266.0 940.0 1266.0 742.0 1263.0 656.0 1218.0 657.0 1218.0 591.0 1225.0 582.0 1217.0 572.0 1218.0 514.0 1218.0 514.0 
SEXIT00103 50-586461-620-24-3-298039-6610-9-2502-2 8461-54-4941767-86-4209-75-88-5901005 SEXIT00303 -1-83-70076019508-4-839-4-5310-913-8-681 -40-998-9-79-1-50-88-1-3-31-9-8-12-83-3-9-99-78-9 2417-5-4-72214-766-289-80-2353-249046-9 -83-309-5-2-11-40-8-11-40-8-741-953-13-1-8550 SHALL01803 SHALL01903 
Rhumetology
4
1369.0 402.0 1534.0 404.0 1537.0 506.0 1366.0 505.0 1367.0 415.0 1367.0 415.0 
SDEPT01004 SHALL01604 
Compliance / Patient Relations
4
1835.0 1243.0 1870.0 1243.0 1870.0 1291.0 1887.0 1288.0 1888.0 1308.0 1836.0 1310.0 1836.0 1310.0 
-97-3-7-4-7-706-4-4105-4-600-3-930-4-2-863-3-6-5 8093-42-10-9-3460-6-90-69-18-90-96-5-6-1700 
Operation Rooms
1
1418.0 768.0 1845.0 768.0 1844.0 805.0 1829.0 808.0 1831.0 875.0 2043.0 869.0 2045.0 902.0 2222.0 902.0 2227.0 982.0 2248.0 978.0 2261.0 989.0 2301.0 985.0 2303.0 1110.0 1767.0 1110.0 1762.0 1072.0 1738.0 1076.0 1739.0 1112.0 1413.0 1110.0 1415.0 904.0 1428.0 901.0 1425.0 868.0 1414.0 865.0 1414.0 865.0 
SHALL02101 
Ambulatory Care
5
1262.0 546.0 1311.0 545.0 1362.0 546.0 1448.0 548.0 1448.0 670.0 1349.0 669.0 1262.0 668.0 1262.0 668.0 
SHALL01405 
Chapel
3
1023.0 1313.0 1130.0 1311.0 1131.0 1375.0 1023.0 1375.0 1023.0 1375.0 
SSERV00103 
Mechanical Space
3
1380.0 906.0 1415.0 907.0 1415.0 1144.0 1769.0 1143.0 2127.0 1143.0 2323.0 1144.0 2327.0 1214.0 2317.0 1216.0 2319.0 1251.0 2328.0 1254.0 2329.0 1310.0 1849.0 1311.0 1375.0 1312.0 1368.0 1306.0 1325.0 1310.0 1326.0 1212.0 1371.0 1210.0 1368.0 1101.0 1382.0 1101.0 1382.0 1101.0 
1-5796-12-4-5-8-4-1-19-4-46-8-3-3-5329073-5-41 19-45-560098-50-2-6-15-603-7-8-4-509-6-846-5 -724-40570-91-6240565-4-4-3-978-4-226-189 7-737-5-6-452-49-7-5-53-505364-1-1-2781-690 -19-9-7-9-66-2-66-3-49-4-3-211-625-2-30-3-1-7-9-4-1 -53116-5-66259377-527020-1-25-8-10-8-92-4 SSERV00303x 06109-13-961-44-4017-43-56-608-30-6-3-2-2-2 

4
1370.0 309.0 1347.0 322.0 1296.0 303.0 1271.0 304.0 1216.0 306.0 1194.0 307.0 1156.0 323.0 1133.0 311.0 1187.0 286.0 1236.0 275.0 1255.0 275.0 1292.0 281.0 1327.0 287.0 1327.0 287.0 
SHALL01904 SHALL02304 
MOHS Clinic
4
1236.0 945.0 1154.0 946.0 1154.0 998.0 1172.0 1000.0 1172.0 1095.0 1121.0 1094.0 1119.0 900.0 1054.0 903.0 1054.0 749.0 1239.0 744.0 1239.0 930.0 1239.0 929.0 
SDEPT00704 3-3-94-4-1-1-2-6-1-21-8558045-2-305-6-1-4-2-2-4-8 SHALL02004 -942-6-52-24-4-5-5510-1-9-11-68-2-8-5-4-8390-3-7 SSTAI00404 SHALL01404 -6-308-2802-788-870-190-367-67-396-17-472 
Medical Library
4
993.0 1240.0 975.0 1240.0 973.0 1299.0 906.0 1297.0 904.0 1306.0 855.0 1305.0 853.0 1378.0 1053.0 1376.0 1053.0 1307.0 995.0 1307.0 995.0 1250.0 995.0 1250.0 
SDEPT00204 

2
1424.0 527.0 1451.0 527.0 1450.0 680.0 1448.0 692.0 1451.0 971.0 1424.0 972.0 1425.0 712.0 1422.0 571.0 1421.0 538.0 1421.0 538.0 
-8-44-7-950-3-81-85-833-189-840-30-953-6-7-4-3 -4-7186-57-3-6-43-59-6-7-1524116730-6-9-12-1 SHALL00402 

3
1104.0 681.0 1191.0 679.0 1216.0 656.0 1261.0 656.0 1263.0 667.0 1265.0 716.0 1215.0 745.0 1198.0 732.0 1177.0 729.0 1082.0 728.0 1082.0 728.0 
SEXIT00403 SEXIT00203 SHALL00403 SHALL00503 SHALL00603 
Gift Shop
3
1125.0 941.0 1238.0 941.0 1239.0 1037.0 1174.0 1042.0 1177.0 1099.0 1125.0 1099.0 1125.0 1099.0 
SHALL00203 

5
1134.0 481.0 1123.0 499.0 1099.0 497.0 1089.0 435.0 1099.0 396.0 1088.0 393.0 1086.0 337.0 1075.0 340.0 1074.0 302.0 1121.0 301.0 1135.0 313.0 1137.0 430.0 1137.0 430.0 
560-9-9-108018-8-97-62-8-9-8-3931-3-1-1-94-6-5 

2
1347.0 349.0 1339.0 343.0 1305.0 344.0 1304.0 416.0 1300.0 438.0 1344.0 438.0 1348.0 429.0 1348.0 367.0 1348.0 367.0 
SSTAI00102 
Psych/Addiction Care
2
772.0 1248.0 1113.0 1244.0 1119.0 1253.0 1186.0 1250.0 1194.0 1261.0 1212.0 1258.0 1216.0 1237.0 1497.0 1236.0 1506.0 1248.0 1518.0 1246.0 1524.0 1235.0 1639.0 1237.0 1641.0 1311.0 1693.0 1310.0 1695.0 1374.0 728.0 1371.0 729.0 1306.0 770.0 1305.0 770.0 1305.0 
SDEPT00102 
Finance
4
1873.0 1242.0 1937.0 1243.0 1938.0 1308.0 1891.0 1308.0 1889.0 1285.0 1872.0 1289.0 1872.0 1289.0 
-6-43-8-50-751-845-33-7-8-32243605-27-6-7-65 -81-4-1-39-87298-7661-352200-2-579350-4-5 
Pulmonary Lab
1
1270.0 855.0 1343.0 856.0 1344.0 910.0 1268.0 911.0 1268.0 911.0 
SLABS00301 
BWH Primary Care Physicians
5
1053.0 663.0 1136.0 660.0 1240.0 659.0 1239.0 800.0 1239.0 893.0 1231.0 900.0 1221.0 902.0 1068.0 904.0 1052.0 900.0 1050.0 842.0 1050.0 678.0 1050.0 678.0 
SDEPT00605 
Conference
4
1145.0 1241.0 1146.0 1304.0 996.0 1306.0 997.0 1238.0 997.0 1238.0 
SCONF00204 SCONF00104 
Lung Sound Research
4
1270.0 1033.0 1298.0 1028.0 1301.0 1001.0 1352.0 1003.0 1352.0 1033.0 1385.0 1030.0 1385.0 1108.0 1267.0 1104.0 1267.0 1042.0 1267.0 1042.0 
36-8-2-64-4-5-190520-8-47-7400-1-54-312294 2161-926-9-8-7-2-39-4440753923-753-60-8-8 
Radiology Administration
4
963.0 1071.0 1051.0 1073.0 1052.0 1154.0 1003.0 1155.0 1003.0 1178.0 989.0 1181.0 989.0 1207.0 979.0 1211.0 961.0 1208.0 961.0 1208.0 
SHALL00304 
Cardiology
4
966.0 393.0 1134.0 394.0 1136.0 503.0 963.0 505.0 964.0 505.0 
SDEPT01404 
Brigham Primary Physicians
4
1702.0 1239.0 1702.0 1322.0 1653.0 1326.0 1651.0 1377.0 1449.0 1374.0 1448.0 1307.0 1369.0 1307.0 1368.0 1238.0 1517.0 1238.0 1620.0 1238.0 1620.0 1238.0 
SDEPT00404 
Case Management
4
991.0 1204.0 990.0 1183.0 1004.0 1180.0 1005.0 1157.0 1053.0 1157.0 1052.0 1137.0 1122.0 1138.0 1122.0 1212.0 1050.0 1211.0 1000.0 1212.0 1000.0 1212.0 
SDEPT00504 SHALL00604 
Otoloryngology
2
965.0 367.0 942.0 366.0 942.0 294.0 974.0 296.0 973.0 282.0 1171.0 284.0 1172.0 335.0 1158.0 337.0 1157.0 473.0 1135.0 473.0 1135.0 493.0 966.0 493.0 966.0 493.0 
-54-274-71-6-74-69-2373-5-46-494-4-2-1-6-1-77-3 5-7-9-9-76-3-2-2-7-970-2-49-475743924-7936-4 SDEPT00402 
Hemo Dialysis
5
778.0 1139.0 839.0 1140.0 843.0 1148.0 869.0 1150.0 870.0 1209.0 776.0 1207.0 776.0 1150.0 776.0 1150.0 
1-8-8-619-13-1611-467-1-40572-9-76-5-7-3-7-1-6 9-683-88028-4-3-6600-438-34-5-1-707027-5-3 
Physical Therapy
2
1448.0 678.0 1652.0 680.0 1654.0 971.0 1451.0 973.0 1450.0 973.0 
SDEPT00202 
Psychiatric Inpatient Care
2
1455.0 1165.0 1515.0 1164.0 1517.0 1138.0 1784.0 1139.0 1787.0 1214.0 1845.0 1211.0 1848.0 1138.0 1948.0 1136.0 1955.0 1075.0 2155.0 1074.0 2158.0 1139.0 2371.0 1138.0 2375.0 1312.0 2158.0 1312.0 2158.0 1377.0 1952.0 1377.0 1951.0 1312.0 1852.0 1315.0 1848.0 1241.0 1638.0 1244.0 1638.0 1210.0 1454.0 1214.0 1454.0 1214.0 
-51-44-4-7-9-96-37-59-1-2734-2-6415-14-3-250-6 020358-4-45-8484-85-83209120489-97-53 -85-7014-6-74-2-90-13-140-50-90-7-1-7-9-43085 SHALL02002 050-3-2-1-1617-29-82-6-6-7-13-88861-19373-3 2-8-3-4-9-174-63-4-7-9-45002138-97-9-3-237-7-6 9-15183-30-11-4-1-3-27057-82-2-3-778-5-8-2-6-7 -33-16-5-1-3-5-506-492545-1-71-89486-90-4-6-3 5-770063-230-96-1-3601-650-54690-23-658 SDEPT00502 

3
1157.0 481.0 1137.0 486.0 1139.0 312.0 1158.0 324.0 1158.0 324.0 
 

5
1302.0 343.0 1347.0 343.0 1348.0 428.0 1340.0 440.0 1299.0 440.0 1293.0 429.0 1292.0 418.0 1304.0 417.0 1304.0 417.0 
SSTAI00305 
Family Patient Resources
3
1080.0 506.0 1166.0 506.0 1168.0 520.0 1192.0 520.0 1193.0 680.0 1105.0 682.0 1102.0 622.0 1081.0 623.0 1081.0 623.0 
SEXIT00403 SSERV00303 
