#SCONF00204
1067.0
1242.0
1068.0
1303.0
998.0
1302.0
999.0
1240.0
#SCONF00104
1071.0
1243.0
1072.0
1302.0
1148.0
1301.0
1145.0
1242.0
#SDEPT00705
1237.0
657.0
1235.0
578.0
1053.0
583.0
1053.0
661.0
#SDEPT00505
1234.0
1034.0
1233.0
908.0
1120.0
910.0
1122.0
1000.0
1171.0
999.0
1175.0
1035.0
#SDEPT00402
1164.0
286.0
1168.0
329.0
1153.0
328.0
1154.0
461.0
1132.0
466.0
1132.0
492.0
968.0
489.0
967.0
362.0
943.0
362.0
943.0
295.0
972.0
296.0
975.0
282.0
#SDEPT00904
1270.0
776.0
1269.0
868.0
1451.0
863.0
1450.0
760.0
1401.0
756.0
1400.0
772.0
1331.0
772.0
#SSTAI00102
1306.0
346.0
1301.0
456.0
1341.0
456.0
1343.0
345.0
#SDEPT00102
1213.0
1261.0
1192.0
1262.0
1182.0
1251.0
1118.0
1251.0
1107.0
1243.0
774.0
1247.0
775.0
1303.0
729.0
1309.0
729.0
1370.0
1694.0
1369.0
1695.0
1311.0
1639.0
1306.0
1635.0
1239.0
1524.0
1236.0
1518.0
1255.0
1502.0
1251.0
1497.0
1236.0
1396.0
1237.0
1290.0
1237.0
1215.0
1238.0
#SSERV00303
1083.0
508.0
1164.0
505.0
1166.0
519.0
1188.0
518.0
1188.0
672.0
1106.0
674.0
1103.0
617.0
1082.0
616.0
#SDEPT00202
1453.0
681.0
1651.0
682.0
1648.0
966.0
1455.0
968.0
#SDEPT00605
1236.0
664.0
1053.0
668.0
1055.0
892.0
1234.0
897.0
#SHALL01604
1448.0
508.0
1444.0
617.0
1270.0
619.0
1272.0
496.0
#SDEPT00905
1137.0
311.0
1125.0
297.0
972.0
293.0
971.0
223.0
996.0
201.0
1044.0
169.0
1102.0
142.0
1185.0
115.0
1193.0
151.0
1208.0
235.0
1212.0
277.0
#SHALL02204
1178.0
287.0
1125.0
136.0
1084.0
153.0
1017.0
187.0
973.0
223.0
968.0
279.0
967.0
342.0
967.0
384.0
1131.0
382.0
1133.0
309.0
#SELEV00X05
1166.0
372.0
1166.0
456.0
1208.0
455.0
1212.0
372.0
#SDEPT00701
924.0
872.0
958.0
872.0
959.0
856.0
1233.0
856.0
1230.0
1033.0
1165.0
1034.0
1167.0
1101.0
1178.0
1102.0
1175.0
1131.0
1131.0
1133.0
1129.0
1063.0
876.0
1064.0
876.0
906.0
922.0
904.0
#SDEPT01004
1371.0
400.0
1371.0
497.0
1533.0
497.0
1532.0
400.0
#SSTAI00404
1173.0
1038.0
1226.0
1040.0
1230.0
1097.0
1178.0
1098.0
#SELEV00Y04
1127.0
1102.0
1137.0
1195.0
1216.0
1205.0
1219.0
1109.0
#SLABS00101
1022.0
543.0
1081.0
543.0
1080.0
580.0
1076.0
604.0
1088.0
609.0
1089.0
654.0
1004.0
653.0
1003.0
562.0
#SDEPT01005
1220.0
277.0
1269.0
276.0
1317.0
285.0
1368.0
129.0
1320.0
117.0
1273.0
111.0
1230.0
108.0
1194.0
117.0
#SEXIT00303
1271.0
732.0
1417.0
687.0
1417.0
502.0
1224.0
506.0
1222.0
570.0
1229.0
582.0
1221.0
591.0
1220.0
653.0
1270.0
649.0
#SHALL00203
1234.0
948.0
1127.0
946.0
1128.0
1091.0
1168.0
1095.0
1172.0
1034.0
1235.0
1035.0
#SDEPT00105
1330.0
1211.0
1330.0
1237.0
1315.0
1242.0
1315.0
1305.0
1446.0
1308.0
1452.0
1371.0
1773.0
1370.0
1774.0
1308.0
1953.0
1310.0
1953.0
1370.0
2155.0
1369.0
2156.0
1304.0
2371.0
1302.0
2372.0
1197.0
2328.0
1198.0
2322.0
1140.0
2156.0
1134.0
2153.0
1068.0
1957.0
1070.0
1949.0
1135.0
1647.0
1133.0
1645.0
1070.0
1451.0
1070.0
1451.0
1133.0
1375.0
1138.0
1380.0
1204.0
#SLABS00202
733.0
932.0
640.0
932.0
640.0
768.0
734.0
770.0
#SDEPT00401
1003.0
660.0
1068.0
664.0
1069.0
694.0
1094.0
698.0
1091.0
735.0
1051.0
735.0
1044.0
698.0
1001.0
692.0
#SDEPT00203
1290.0
277.0
1319.0
285.0
1350.0
297.0
1374.0
248.0
1408.0
186.0
1425.0
154.0
1382.0
131.0
1315.0
116.0
#SDEPT00601
1272.0
550.0
1382.0
548.0
1382.0
822.0
1271.0
821.0
#SHALL01305
1266.0
670.0
1266.0
896.0
1442.0
899.0
1443.0
671.0
#SELEV00X03
1211.0
377.0
1207.0
460.0
1160.0
457.0
1163.0
372.0
#SHALL01204
1271.0
998.0
1374.0
995.0
1373.0
907.0
1271.0
907.0
1270.0
925.0
1296.0
931.0
1296.0
965.0
1270.0
968.0
#SHALL01405
1266.0
550.0
1265.0
663.0
1446.0
664.0
1446.0
548.0
#SDEPT00404
1370.0
1243.0
1700.0
1243.0
1700.0
1322.0
1649.0
1325.0
1648.0
1371.0
1453.0
1371.0
1451.0
1303.0
1371.0
1304.0
#SDEPT00502
1459.0
1207.0
1458.0
1168.0
1514.0
1165.0
1516.0
1139.0
1783.0
1141.0
1784.0
1209.0
1848.0
1210.0
1848.0
1141.0
1954.0
1140.0
1956.0
1076.0
2022.0
1074.0
2153.0
1074.0
2155.0
1136.0
2368.0
1138.0
2371.0
1304.0
2156.0
1308.0
2153.0
1370.0
1953.0
1371.0
1954.0
1308.0
1852.0
1308.0
1849.0
1235.0
1642.0
1240.0
1641.0
1206.0
1630.0
1209.0
#SDEPT00101
1068.0
499.0
980.0
502.0
980.0
296.0
1131.0
299.0
1132.0
366.0
1151.0
367.0
1153.0
453.0
1072.0
452.0
#SDEPT00103
1354.0
298.0
1372.0
310.0
1370.0
327.0
1537.0
328.0
1538.0
290.0
1525.0
286.0
1531.0
220.0
1482.0
183.0
1431.0
154.0
#SHALL00504
1646.0
1204.0
1482.0
1203.0
1464.0
1201.0
1461.0
1170.0
1383.0
1166.0
1386.0
1141.0
1454.0
1133.0
1455.0
1074.0
1646.0
1071.0
1649.0
1138.0
1649.0
1186.0
#SRETL00202
1335.0
499.0
1339.0
529.0
1420.0
528.0
1422.0
739.0
1088.0
740.0
1089.0
501.0
#SELEV00Z04
1324.0
1110.0
1321.0
1209.0
1373.0
1212.0
1375.0
1110.0
#SCONF00103
1219.0
863.0
1204.0
862.0
1203.0
935.0
1126.0
934.0
1125.0
899.0
1051.0
897.0
1056.0
760.0
1081.0
755.0
1084.0
729.0
1180.0
730.0
1199.0
734.0
1212.0
742.0
1219.0
757.0
1221.0
775.0
1223.0
821.0
1222.0
845.0
#SDEPT01304
1184.0
286.0
1132.0
133.0
1171.0
117.0
1210.0
112.0
1245.0
109.0
1248.0
178.0
1249.0
274.0
1224.0
276.0
1201.0
280.0
#STAIR00304
1705.0
1242.0
1703.0
1323.0
1654.0
1329.0
1652.0
1373.0
1776.0
1372.0
1779.0
1306.0
1817.0
1305.0
1831.0
1305.0
1833.0
1242.0
1772.0
1241.0
#SDEPT00304
180.0
1243.0
274.0
1239.0
345.0
1237.0
341.0
1303.0
180.0
1298.0
#SSTAI00504
1296.0
440.0
1294.0
342.0
1345.0
332.0
1343.0
454.0
#SREST00202
1365.0
374.0
1384.0
372.0
1384.0
403.0
1365.0
407.0
1365.0
497.0
1536.0
498.0
1535.0
291.0
1419.0
287.0
1419.0
298.0
1438.0
298.0
1439.0
324.0
1449.0
328.0
1447.0
345.0
1399.0
342.0
1391.0
336.0
1366.0
335.0
#SDEPT00303
1281.0
277.0
1226.0
277.0
1132.0
308.0
1133.0
504.0
965.0
502.0
972.0
224.0
1039.0
174.0
1105.0
140.0
1183.0
117.0
1259.0
110.0
1295.0
112.0
1309.0
116.0
1294.0
229.0
1289.0
266.0
#SDEPT00901
1417.0
549.0
1537.0
547.0
1533.0
514.0
1517.0
509.0
1519.0
471.0
2040.0
471.0
2042.0
731.0
1419.0
738.0
#SRETL00102
765.0
664.0
1051.0
662.0
1052.0
813.0
915.0
812.0
913.0
863.0
766.0
863.0
#SDEPT00704
1157.0
949.0
1234.0
950.0
1228.0
1033.0
1176.0
1031.0
1172.0
992.0
1154.0
991.0
#SELEV00Z03
1321.0
1107.0
1320.0
1202.0
1369.0
1204.0
1372.0
1102.0
#SDEPT00602
771.0
1064.0
864.0
1063.0
868.0
1205.0
768.0
1204.0
#SDEPT00604
664.0
1214.0
181.0
1212.0
178.0
1199.0
137.0
1200.0
136.0
1141.0
348.0
1138.0
350.0
1068.0
547.0
1071.0
546.0
1136.0
668.0
1140.0
#SLABS00301
1272.0
858.0
1341.0
855.0
1338.0
905.0
1270.0
907.0
#SHALL02004
1235.0
745.0
1235.0
942.0
1148.0
940.0
1150.0
997.0
1167.0
1000.0
1171.0
1092.0
1124.0
1090.0
1120.0
895.0
1057.0
895.0
1060.0
742.0
#SHALL02504
1057.0
508.0
1235.0
510.0
1234.0
737.0
1058.0
737.0
#SLABS00401
1271.0
912.0
1341.0
910.0
1340.0
926.0
1330.0
937.0
1329.0
961.0
1314.0
966.0
1271.0
965.0
#SSTAI00305
1306.0
345.0
1298.0
442.0
1347.0
436.0
1341.0
343.0
#SDEPT00204
992.0
1242.0
993.0
1306.0
1052.0
1310.0
1049.0
1376.0
859.0
1370.0
857.0
1308.0
909.0
1300.0
912.0
1261.0
923.0
1242.0
969.0
1240.0
#SHALL01104
1274.0
1034.0
1269.0
1097.0
1380.0
1103.0
1379.0
1033.0
1345.0
1033.0
1345.0
1000.0
1307.0
999.0
1300.0
1035.0
#SELEV00Y03
1182.0
1112.0
1132.0
1112.0
1137.0
1200.0
1186.0
1201.0
1217.0
1178.0
1224.0
1129.0
#SDEPT00804
1267.0
632.0
1269.0
765.0
1392.0
765.0
1394.0
749.0
1445.0
750.0
1444.0
630.0
#SDEPT00405
1267.0
1042.0
1267.0
1103.0
1375.0
1102.0
1374.0
1043.0
#SDEPT01204
1368.0
305.0
1381.0
293.0
1432.0
290.0
1532.0
285.0
1531.0
221.0
1522.0
211.0
1492.0
189.0
1446.0
162.0
1392.0
137.0
1332.0
119.0
1299.0
110.0
1250.0
110.0
1253.0
277.0
1297.0
279.0
1328.0
286.0
#SDEPT00702
1512.0
975.0
1651.0
974.0
1648.0
1135.0
1519.0
1133.0
1518.0
1114.0
1459.0
1118.0
1458.0
1044.0
1574.0
1046.0
1573.0
1003.0
1509.0
1003.0
#SHALL00305
1116.0
1210.0
875.0
1207.0
873.0
1145.0
844.0
1142.0
849.0
1078.0
1047.0
1075.0
1047.0
1136.0
1116.0
1137.0
#SHALL00304
955.0
1205.0
739.0
1204.0
740.0
1143.0
850.0
1137.0
851.0
1071.0
960.0
1074.0
#SHALL00104
1151.0
1239.0
1362.0
1247.0
1366.0
1305.0
1349.0
1307.0
1347.0
1368.0
1152.0
1369.0
#SDEPT00305
614.0
1211.0
616.0
1235.0
667.0
1239.0
666.0
1302.0
548.0
1308.0
544.0
1373.0
347.0
1371.0
343.0
1307.0
133.0
1305.0
131.0
1139.0
346.0
1137.0
346.0
1070.0
544.0
1069.0
546.0
1140.0
774.0
1139.0
773.0
1210.0
#SSERV00103
1026.0
1312.0
1131.0
1310.0
1127.0
1369.0
1027.0
1368.0
#SHALL00204
2129.0
1241.0
1942.0
1244.0
1942.0
1302.0
1956.0
1307.0
1958.0
1371.0
2156.0
1372.0
2158.0
1307.0
2224.0
1306.0
2223.0
1284.0
2211.0
1280.0
2212.0
1236.0
#SHALL00904
1730.0
1204.0
1952.0
1204.0
1954.0
1140.0
1723.0
1138.0
1652.0
1140.0
1655.0
1205.0
#SDEPT00205
825.0
1240.0
1116.0
1240.0
1118.0
1303.0
1048.0
1308.0
1045.0
1370.0
850.0
1371.0
849.0
1308.0
822.0
1306.0
#SSERV00201
1270.0
1040.0
1307.0
1041.0
1313.0
1003.0
1340.0
1002.0
1342.0
1040.0
1378.0
1041.0
1380.0
1097.0
1348.0
1095.0
1347.0
1071.0
1311.0
1070.0
1295.0
1084.0
1292.0
1101.0
1269.0
1097.0
#SSTAI00203
1304.0
341.0
1344.0
344.0
1343.0
442.0
1298.0
439.0
#SDEPT00504
964.0
1076.0
964.0
1204.0
1120.0
1204.0
1117.0
1136.0
1052.0
1138.0
1049.0
1072.0
#SDEPT01104
1371.0
313.0
1370.0
393.0
1532.0
391.0
1531.0
291.0
1385.0
297.0
#SDEPT01404
1132.0
391.0
1131.0
499.0
966.0
501.0
969.0
392.0
#SEXIT00103
1271.0
736.0
1417.0
691.0
1446.0
749.0
1446.0
901.0
1379.0
901.0
1376.0
1095.0
1268.0
1100.0
#SCONF00304
373.0
1236.0
397.0
1244.0
422.0
1247.0
450.0
1248.0
477.0
1250.0
497.0
1244.0
521.0
1236.0
530.0
1242.0
528.0
1252.0
547.0
1252.0
548.0
1373.0
350.0
1372.0
349.0
1254.0
366.0
1250.0
#SLABS00201
1099.0
705.0
1141.0
704.0
1139.0
743.0
1234.0
745.0
1232.0
817.0
999.0
817.0
1002.0
746.0
1099.0
746.0
#SELEV00X04
1163.0
374.0
1214.0
370.0
1210.0
465.0
1159.0
466.0
#SDEPT00501
1144.0
540.0
1232.0
539.0
1232.0
736.0
1146.0
734.0
1148.0
701.0
1168.0
703.0
1168.0
660.0
1143.0
660.0
#SDEPT00301
600.0
504.0
849.0
503.0
849.0
536.0
955.0
536.0
970.0
554.0
967.0
821.0
902.0
819.0
900.0
852.0
914.0
858.0
912.0
894.0
868.0
894.0
865.0
986.0
605.0
990.0
#SHALL01004
1227.0
1109.0
1221.0
1200.0
1316.0
1205.0
1316.0
1109.0
#SELEV00X02
1162.0
372.0
1160.0
466.0
1211.0
465.0
1213.0
375.0
#SDEPT00104
2155.0
1204.0
2099.0
1203.0
2097.0
1178.0
2063.0
1179.0
2057.0
1075.0
2157.0
1075.0
